88
01
90
31
62
66
96
60
76
60
66
33
17
78
26
14
14
26
72
93
2
20
09
73
84
03
01
17
32
65
02
10
59
84
33
32
56
52
32
11
72
50
21
73
59
16
92
11
30
97
72
31
89
53
92
71
17
87
39
98
35
30
19
37
3
59
22
88
79
27
22
2
3
50
63
24
07
76
32
08
13
24
21
93
32
544
18
54
77
93
74
98
55
17
25
57
19
81
06
55
15
87
28
91
9
95
97
15
9
64
72
77
75
06
19
61
6
68
11
67
93
83
60
18
86
26
61
61
92
18
67
07
7
01
36
77
51
07
26
63
90
51
37
79
96
10
51
90
68
52
37
26
61
33
54
10
00
32
22
32
23
23
77
29
85
68
544
16
31
26
26
60
72
14
39
75
90
33
91
51
23
13
51
74
7
84
96
83
51
0
94
58
24
34
13
33
80
65
83
90
8
08
66
50
88
98
5
80
95
58
95
3
15
25
53
68
54
62
03
19
06
23
7
24
30
0
18
05
15
07
25
23
93
8
9
07
36
79
0
85
99
11
20
77
15
94
16
75
72
38
73
52
09
91
01
33
78
64
08
15
67
83
31
6
08
20
33
9
69
93
93
70
1
82
02
23
52
80
07
31
16
13
02
55
16
81
81
99
29
78
35
9
53
9
21
07
61
39
55
78

