44
67
56
97
28
22
52
26
32
26
22
99
73
34
82
70
70
82
38
59
8
86
65
39
40
69
67
73
98
21
68
76
15
40
99
98
12
18
98
77
38
16
87
39
15
72
58
77
96
53
38
97
45
19
58
37
73
43
95
54
91
96
75
93
9
15
88
44
35
83
88
8
9
16
29
80
63
32
98
64
79
80
87
59
98
100
74
10
33
59
30
54
11
73
81
13
75
47
62
11
71
43
84
57
5
51
53
71
5
20
38
33
31
62
75
27
2
24
77
23
59
49
26
74
42
82
27
27
58
74
23
63
3
67
92
33
17
63
82
29
56
17
93
35
52
76
17
56
24
18
93
82
27
99
10
76
66
98
88
98
89
89
33
85
41
24
100
72
97
82
82
26
38
70
95
31
56
99
57
17
89
79
17
30
3
40
52
49
17
6
50
14
80
90
79
99
46
21
49
56
4
64
22
16
44
54
1
46
51
14
51
9
71
81
19
24
10
28
69
75
62
89
3
80
96
6
74
61
71
63
81
89
59
4
5
63
92
35
6
41
55
77
86
33
71
50
72
31
38
94
39
18
65
57
67
99
34
20
64
71
23
49
97
2
64
86
99
5
25
59
59
36
7
48
68
89
18
46
63
97
72
79
68
11
72
47
47
55
85
34
91
5
19
5
87
63
27
95
11
34
